W1 = [-2.89914377,  0.05226032; -0.2786159 , -1.14366262]
W2 = [-2.17291276, -0.20878332; 1.17111287, -0.42938584]
b1 = [1.45126723; -2.42262374]
b2 = [0.24568619; -0.14807133]
